,AM_3,DLDA,DSGT,ECCF,DS,DLDA_Lab,BE_Lab,DS_Lab,OOPM_Lab,AM_4,AOA,COA,CG,OS,AOA_Lab,CG_Lab,PA_Lab,OS_Lab,OST_LAB,OOPM,AM_3.1,DS.1,DLDA.1,DIS,ECCF.1,DLDA_Lab.1,DS_Lab.1,OOPM_Lab.1,ECCF_Lab,AM_3_Tutorial,GPA_SEMIII,GPA_SEMIV,avg_GPA
AM_3,1.0,0.6898614907970764,0.68992623311546,0.6556069277271729,0.6614228386210602,0.38232475559673934,0.3596765156975365,0.2591254243843766,0.018388332435252515,0.783799038956605,0.6790994785447809,0.554957390573704,0.620346402613369,0.3604654183931714,0.21568867297765923,0.24569078316729978,0.2878177404328086,0.03763790016231957,0.26590267944336343,0.015981976639664507,-0.019081386371986673,0.04347509581520939,-0.03239875771993121,-0.001551624518455451,0.05595250423549337,-0.00973737231179086,-0.11915650625248644,0.12553426633038342,0.1361453007514353,0.14266190470250065,0.6945848666410822,0.598223670142682,0.7332638405780801
DLDA,0.6898614907970764,1.0,0.7188925677802284,0.728101589510083,0.730977033460689,0.5611006624580807,0.5114139554861343,0.3840219034073451,0.25602860985200304,0.6009898170870756,0.6817609994724808,0.5749208013799846,0.5664467114982079,0.3983323813347478,0.3854448006091822,0.5054803469026021,0.4693454947528676,0.21415696658788952,0.3856758626699991,0.05137880630706004,0.09142129907645595,0.12080879723943642,0.061850639728524455,0.13538748946618906,0.18263936252456237,-0.014090915519300824,0.04563156373871146,0.24387075120371804,0.07802961897318865,0.17836022783041372,0.7744401057380081,0.5340643559518671,0.7493968737940297
DSGT,0.68992623311546,0.7188925677802284,1.0,0.6716021030008997,0.6802047466181136,0.4401011328920074,0.4297166190086363,0.30102990947992,0.11226989435593086,0.650460701770506,0.6704049832799521,0.5372739689290268,0.5625713469544951,0.39945880404151446,0.3864515481872959,0.3641771451861397,0.39440807218478463,0.20612075206587116,0.37157264668752055,-0.050284115194100316,0.09270157449482994,0.19544735536929597,0.09822083015943121,0.08912552376897577,0.21624468608094063,-0.010463551015736006,-0.06507794027197895,0.13134299290095566,0.11219307020738334,0.3250406411920216,0.6627583477543669,0.55455199030968,0.6913266888311583
ECCF,0.6556069277271729,0.728101589510083,0.6716021030008997,1.0,0.7224184787709369,0.3957187568070926,0.5438862225978779,0.3452707591989399,0.1688917577618067,0.5781610882836534,0.7026460863063038,0.670292969070021,0.6699298155306218,0.5501255090056453,0.30232131389014993,0.3676663177224107,0.4564580603376373,0.1639856674568483,0.31216633945422473,0.09404703497175779,0.17842004832544966,0.11711676784239611,0.13746782582331318,0.1886074976319288,0.15894181648321387,0.11595199312694081,-0.14503488096023945,0.12603763280022992,0.06718984154519084,0.0937282715850886,0.7668752310894041,0.6052144765992051,0.7812372843069455
DS,0.6614228386210602,0.730977033460689,0.6802047466181136,0.7224184787709369,1.0,0.4939568141464687,0.4901651284859972,0.4514434949761775,0.19581067937228838,0.6026539823616579,0.6333732745007155,0.5746086711038629,0.5333814320354284,0.41518933742980746,0.3589373005672591,0.4204251803220344,0.417675002448845,0.1886517176528618,0.43804938803504495,-0.032254328040954815,0.07086394472566168,0.18980256439089785,0.041294969572699014,0.14142542366345331,0.16564965652667313,0.025505507321558946,-0.10126540572140313,0.21605022626014403,0.015065178694344273,0.16353750694000688,0.7346711873805695,0.5365033871756566,0.7262282156629298
DLDA_Lab,0.38232475559673934,0.5611006624580807,0.4401011328920074,0.3957187568070926,0.4939568141464687,1.0,0.5417322505752079,0.43436673502194817,0.3610777809789731,0.38142671506335707,0.40736520261775694,0.3042722384771591,0.3211855941338678,0.1970369707618375,0.317957622135788,0.3991449840206084,0.4501363476407441,0.31119845774703686,0.49933242952597506,0.19858951489219592,0.17780991202916213,0.25947363033826354,0.09424358633810422,0.24132400689619815,0.30664139064118345,0.05411368146813452,0.16368251152894844,0.2925297709803033,0.20112524409116747,0.2481040162006721,0.5307542048790272,0.3259230179630086,0.4930319568136366
BE_Lab,0.3596765156975365,0.5114139554861343,0.4297166190086363,0.5438862225978779,0.4901651284859972,0.5417322505752079,1.0,0.5925826553172813,0.24533029536134598,0.3394635695529674,0.49411436572605294,0.39382049867057506,0.3989723556063334,0.1953821883225968,0.3945817604792354,0.46576954489551475,0.604248043849535,0.31255322376126,0.39857338072633464,0.28247314514318006,0.17669948359014176,0.23959218346480415,0.11736596600575898,0.20028047855808448,0.3138359166816475,0.06610453711754573,0.1037544118677736,0.24300169871964605,0.2156044875230703,0.24126373235829165,0.4111211865607468,0.32224160802541385,0.4176856596904624
DS_Lab,0.2591254243843766,0.3840219034073451,0.30102990947992,0.3452707591989399,0.4514434949761775,0.43436673502194817,0.5925826553172813,1.0,0.5842573639854031,0.20770625596956516,0.30612657183449477,0.32476364196427493,0.3519266097683429,0.21853636352284178,0.5896981054005193,0.5294985467690937,0.615096700953099,0.467908475861235,0.5417493919352405,0.031144797553179882,-0.023434595981904765,0.04506574657024734,-0.07032573874679653,0.021988683215103173,0.0864439640723791,-0.12341877920720844,-0.05167501749271831,0.008004078077393385,0.16149924844958802,0.13859111450536826,0.2803667474067538,0.2809933987683704,0.31624635803666346
OOPM_Lab,0.018388332435252515,0.25602860985200304,0.11226989435593086,0.1688917577618067,0.19581067937228838,0.3610777809789731,0.24533029536134598,0.5842573639854031,1.0,-0.09229695417465927,0.0008893680003353503,0.15703652189233824,0.08453346375604144,0.20023541623202415,0.5765884344522958,0.44463264344500275,0.3684221277673393,0.4804729097972216,0.4145190355695317,0.09105205831202368,0.14515159182755247,0.15973417237939733,0.14597537818975223,0.23451445065682716,0.16484378443003017,-0.009814700058288772,0.005634959608683857,0.07855070175145355,0.006541447020190802,0.05360022697193988,0.16879072232465422,0.058499114255558995,0.13364098360020812
AM_4,0.783799038956605,0.6009898170870756,0.650460701770506,0.5781610882836534,0.6026539823616579,0.38142671506335707,0.3394635695529674,0.20770625596956516,-0.09229695417465927,1.0,0.7075351235976112,0.5519314461222385,0.6039068883977541,0.29832619161461943,0.1972608233164432,0.20609652950563928,0.26306019986089024,-0.12469218723784083,0.32742953378750994,-0.05367633722666626,-0.1549789626004038,-0.0856545634952189,-0.1326701701312365,-0.16512559483966796,-0.03265294734897741,0.016894156591339568,-0.30013151851333725,-0.07387794628749336,-0.04004680836892831,0.010517032650222677,0.5991045491740592,0.7041783343699076,0.7289689922144222
AOA,0.6790994785447809,0.6817609994724808,0.6704049832799521,0.7026460863063038,0.6333732745007155,0.40736520261775694,0.49411436572605294,0.30612657183449477,0.0008893680003353503,0.7075351235976112,1.0,0.6525507684570238,0.7123973408083566,0.4598692330458418,0.2920584027666182,0.35558203137776456,0.462356807831556,0.05576801108247028,0.36518904958858367,-0.08428787594462492,-0.11232424926594536,-0.0914452477308719,-0.167251686257246,-0.07560495827112529,-0.05268223368782203,-0.00615887800246006,-0.20174772933923496,0.02299833685998267,-0.002644391975591549,-0.09530531255893392,0.6937641441596466,0.6549357111971859,0.7618415885371534
COA,0.554957390573704,0.5749208013799846,0.5372739689290268,0.670292969070021,0.5746086711038629,0.3042722384771591,0.39382049867057506,0.32476364196427493,0.15703652189233824,0.5519314461222385,0.6525507684570238,1.0,0.7548676354648737,0.6786656558417462,0.29408908433512937,0.3002457566896758,0.40593431163723864,0.24963102506895266,0.3059405552458299,-0.13108515728087466,-0.12219434399917173,0.006826886850153147,-0.1404713174330095,-0.05855110061142211,-0.03445361972340222,-0.05568850595548333,-0.2575020102550777,0.023742097437998547,0.12638996987491005,0.015647790662223666,0.5836557482956998,0.7979285103749885,0.7675576347589572
CG,0.620346402613369,0.5664467114982079,0.5625713469544951,0.6699298155306218,0.5333814320354284,0.3211855941338678,0.3989723556063334,0.3519266097683429,0.08453346375604144,0.6039068883977541,0.7123973408083566,0.7548676354648737,1.0,0.6378150353423166,0.32658392298611194,0.27673567205756916,0.45452071780046455,0.16167251419841855,0.264407262124327,0.007115184170689493,-0.09509940072031597,-0.08947539717893752,-0.14291967151656906,-0.11934113725265526,-0.10628879133925018,-0.022516450866911973,-0.18695576054133045,0.012748898517240329,0.041910682757175945,-0.0213320462181699,0.5433673347220933,0.7728832229022266,0.72997614620978
OS,0.3604654183931714,0.3983323813347478,0.39945880404151446,0.5501255090056453,0.41518933742980746,0.1970369707618375,0.1953821883225968,0.21853636352284178,0.20023541623202415,0.29832619161461943,0.4598692330458418,0.6786656558417462,0.6378150353423166,1.0,0.36199633509117124,0.1230109257384744,0.24490700596510812,0.2696972617403699,0.06445838937191359,-0.07929853555527568,0.10910110201489831,0.08908496120448035,0.0015984210240824444,0.0727501761651655,0.07976242683836168,0.1537125048770098,-0.12388563853343451,0.05571010664275801,0.10478997390248272,-0.0008689182809311584,0.4872983491581472,0.6262830409674932,0.6203720415561395
AOA_Lab,0.21568867297765923,0.3854448006091822,0.3864515481872959,0.30232131389014993,0.3589373005672591,0.317957622135788,0.3945817604792354,0.5896981054005193,0.5765884344522958,0.1972608233164432,0.2920584027666182,0.29408908433512937,0.32658392298611194,0.36199633509117124,1.0,0.3674310214622056,0.4821451482960328,0.4620315463558997,0.3754776204114367,0.057718190787464735,0.17577798980338694,0.2120649651853456,0.11541569957401673,0.20908116364836118,0.15133321473598033,0.050619657413158554,-0.048125442138974475,0.026623337090682965,0.11195483975745929,0.09542439141538718,0.34858387472545926,0.3277943947346486,0.38213320322757044
CG_Lab,0.24569078316729978,0.5054803469026021,0.3641771451861397,0.3676663177224107,0.4204251803220344,0.3991449840206084,0.46576954489551475,0.5294985467690937,0.44463264344500275,0.20609652950563928,0.35558203137776456,0.3002457566896758,0.27673567205756916,0.1230109257384744,0.3674310214622056,1.0,0.5029769774773292,0.3970705040335741,0.4992012564319405,-0.003951795068520959,0.009630075851391662,0.045565972002481164,-0.007152605191888586,0.11750115288555864,0.047179017045989535,-0.11227282072128532,-0.01961378686872534,0.02670000923529888,0.12068883038018587,0.006523639376169843,0.33438501570942464,0.2731295167028291,0.34538273025844746
PA_Lab,0.2878177404328086,0.4693454947528676,0.39440807218478463,0.4564580603376373,0.417675002448845,0.4501363476407441,0.604248043849535,0.615096700953099,0.3684221277673393,0.26306019986089024,0.462356807831556,0.40593431163723864,0.45452071780046455,0.24490700596510812,0.4821451482960328,0.5029769774773292,1.0,0.45667779202686665,0.5086653341141986,0.06852491525029226,0.07332938362928601,0.19314780286277605,0.10869678513144185,0.11802334600167733,0.17857640794132112,0.08227709146582614,-0.08310268208082511,0.1453946853961257,0.16334470065450532,0.10041920317611884,0.4036199276843854,0.3650027507865969,0.43500738306081105
OS_Lab,0.03763790016231957,0.21415696658788952,0.20612075206587116,0.1639856674568483,0.1886517176528618,0.31119845774703686,0.31255322376126,0.467908475861235,0.4804729097972216,-0.12469218723784083,0.05576801108247028,0.24963102506895266,0.16167251419841855,0.2696972617403699,0.4620315463558997,0.3970705040335741,0.45667779202686665,1.0,0.2429030878447851,-0.011926556630580223,0.162851105717836,0.3438683449537098,0.17758853360901825,0.2177151891824267,0.29850526488031404,0.0026334284476508636,0.02128317136071135,0.3338808540762871,0.34166521270961386,0.268446989143867,0.16461658996784595,0.12208879193347272,0.16368645436209164
OST_LAB,0.26590267944336343,0.3856758626699991,0.37157264668752055,0.31216633945422473,0.43804938803504495,0.49933242952597506,0.39857338072633464,0.5417493919352405,0.4145190355695317,0.32742953378750994,0.36518904958858367,0.3059405552458299,0.264407262124327,0.06445838937191359,0.3754776204114367,0.4992012564319405,0.5086653341141986,0.2429030878447851,1.0,-0.09625319026649928,-0.09905548235980197,-0.017720974780645195,-0.07052701680860855,-0.05558753136193303,-0.016719643627779557,-0.17149772371694352,-0.15919815672770946,-0.006308112320835826,0.0598032867599078,0.016606041060440616,0.39704058288338434,0.30240171653186465,0.39886590686938456
OOPM,0.015981976639664507,0.05137880630706004,-0.050284115194100316,0.09404703497175779,-0.032254328040954815,0.19858951489219592,0.28247314514318006,0.031144797553179882,0.09105205831202368,-0.05367633722666626,-0.08428787594462492,-0.13108515728087466,0.007115184170689493,-0.07929853555527568,0.057718190787464735,-0.003951795068520959,0.06852491525029226,-0.011926556630580223,-0.09625319026649928,1.0,0.6084997832607087,0.5263978940442073,0.5289734344554148,0.5953107519944076,0.5877484715253626,0.29033067217907577,0.34978324060164945,0.4174913808821244,0.3086344963011179,0.2880363971612399,-0.048207509394512266,-0.0921458240223469,-0.08010343136886908
AM_3.1,-0.019081386371986673,0.09142129907645595,0.09270157449482994,0.17842004832544966,0.07086394472566168,0.17780991202916213,0.17669948359014176,-0.023434595981904765,0.14515159182755247,-0.1549789626004038,-0.11232424926594536,-0.12219434399917173,-0.09509940072031597,0.10910110201489831,0.17577798980338694,0.009630075851391662,0.07332938362928601,0.162851105717836,-0.09905548235980197,0.6084997832607087,1.0,0.75733301346336,0.7666992722648194,0.8154445996529209,0.7470441975532647,0.4166773267128276,0.4830975919447627,0.36719928897939125,0.37485607518588326,0.4131344187093677,0.07516715427324044,-0.10783027980237848,-0.013627211359020088
DS.1,0.04347509581520939,0.12080879723943642,0.19544735536929597,0.11711676784239611,0.18980256439089785,0.25947363033826354,0.23959218346480415,0.04506574657024734,0.15973417237939733,-0.0856545634952189,-0.0914452477308719,0.006826886850153147,-0.08947539717893752,0.08908496120448035,0.2120649651853456,0.045565972002481164,0.19314780286277605,0.3438683449537098,-0.017720974780645195,0.5263978940442073,0.75733301346336,1.0,0.722477427197994,0.8079135101833982,0.8571068065650327,0.39830143755809516,0.4913134896944594,0.4501321206998651,0.5604711174106263,0.587469438277949,0.07893784781741753,-0.04137849957679526,0.025269445961253616
DLDA.1,-0.03239875771993121,0.061850639728524455,0.09822083015943121,0.13746782582331318,0.041294969572699014,0.09424358633810422,0.11736596600575898,-0.07032573874679653,0.14597537818975223,-0.1326701701312365,-0.167251686257246,-0.1404713174330095,-0.14291967151656906,0.0015984210240824444,0.11541569957401673,-0.007152605191888586,0.10869678513144185,0.17758853360901825,-0.07052701680860855,0.5289734344554148,0.7666992722648194,0.722477427197994,1.0,0.7223440771952993,0.7141696395990181,0.38260921636738254,0.3185754328324137,0.3150147870392576,0.37702436791822636,0.49161675736033783,0.03688142580120188,-0.1746173158229017,-0.07372255091748019
DIS,-0.001551624518455451,0.13538748946618906,0.08912552376897577,0.1886074976319288,0.14142542366345331,0.24132400689619815,0.20028047855808448,0.021988683215103173,0.23451445065682716,-0.16512559483966796,-0.07560495827112529,-0.05855110061142211,-0.11934113725265526,0.0727501761651655,0.20908116364836118,0.11750115288555864,0.11802334600167733,0.2177151891824267,-0.05558753136193303,0.5953107519944076,0.8154445996529209,0.8079135101833982,0.7223440771952993,1.0,0.7921242422653121,0.5165009035267745,0.4938671755829495,0.42297831460986157,0.5170870820600044,0.47802552584107105,0.1014123649449957,-0.1086732742246643,0.0018875292458528964
ECCF.1,0.05595250423549337,0.18263936252456237,0.21624468608094063,0.15894181648321387,0.16564965652667313,0.30664139064118345,0.3138359166816475,0.0864439640723791,0.16484378443003017,-0.03265294734897741,-0.05268223368782203,-0.03445361972340222,-0.10628879133925018,0.07976242683836168,0.15133321473598033,0.047179017045989535,0.17857640794132112,0.29850526488031404,-0.016719643627779557,0.5877484715253626,0.7470441975532647,0.8571068065650327,0.7141696395990181,0.7921242422653121,1.0,0.464085623946862,0.4807368690839048,0.47602652641832977,0.5280823337603637,0.624266567913159,0.10568123711211533,-0.06727787691475617,0.027286712099734534
DLDA_Lab.1,-0.00973737231179086,-0.014090915519300824,-0.010463551015736006,0.11595199312694081,0.025505507321558946,0.05411368146813452,0.06610453711754573,-0.12341877920720844,-0.009814700058288772,0.016894156591339568,-0.00615887800246006,-0.05568850595548333,-0.022516450866911973,0.1537125048770098,0.050619657413158554,-0.11227282072128532,0.08227709146582614,0.0026334284476508636,-0.17149772371694352,0.29033067217907577,0.4166773267128276,0.39830143755809516,0.38260921636738254,0.5165009035267745,0.464085623946862,1.0,0.18354173663387444,0.29217662943217493,0.23368991399664266,0.22116880796133864,0.03351089928246145,-0.06394178816402209,-0.014815771385632797
DS_Lab.1,-0.11915650625248644,0.04563156373871146,-0.06507794027197895,-0.14503488096023945,-0.10126540572140313,0.16368251152894844,0.1037544118677736,-0.05167501749271831,0.005634959608683857,-0.30013151851333725,-0.20174772933923496,-0.2575020102550777,-0.18695576054133045,-0.12388563853343451,-0.048125442138974475,-0.01961378686872534,-0.08310268208082511,0.02128317136071135,-0.15919815672770946,0.34978324060164945,0.4830975919447627,0.4913134896944594,0.3185754328324137,0.4938671755829495,0.4807368690839048,0.18354173663387444,1.0,0.42081818830856654,0.3311979413656063,0.4054146143898605,-0.09828832787028366,-0.2039343851958244,-0.17216640905302108
OOPM_Lab.1,0.12553426633038342,0.24387075120371804,0.13134299290095566,0.12603763280022992,0.21605022626014403,0.2925297709803033,0.24300169871964605,0.008004078077393385,0.07855070175145355,-0.07387794628749336,0.02299833685998267,0.023742097437998547,0.012748898517240329,0.05571010664275801,0.026623337090682965,0.02670000923529888,0.1453946853961257,0.3338808540762871,-0.006308112320835826,0.4174913808821244,0.36719928897939125,0.4501321206998651,0.3150147870392576,0.42297831460986157,0.47602652641832977,0.29217662943217493,0.42081818830856654,1.0,0.23620604039482468,0.40122509770159326,0.17128858197326274,-0.03594957441842547,0.08448617406529964
ECCF_Lab,0.1361453007514353,0.07802961897318865,0.11219307020738334,0.06718984154519084,0.015065178694344273,0.20112524409116747,0.2156044875230703,0.16149924844958802,0.006541447020190802,-0.04004680836892831,-0.002644391975591549,0.12638996987491005,0.041910682757175945,0.10478997390248272,0.11195483975745929,0.12068883038018587,0.16334470065450532,0.34166521270961386,0.0598032867599078,0.3086344963011179,0.37485607518588326,0.5604711174106263,0.37702436791822636,0.5170870820600044,0.5280823337603637,0.23368991399664266,0.3311979413656063,0.23620604039482468,1.0,0.497387606763391,0.03791500200371691,0.016347887423955185,0.03208829152284155
AM_3_Tutorial,0.14266190470250065,0.17836022783041372,0.3250406411920216,0.0937282715850886,0.16353750694000688,0.2481040162006721,0.24126373235829165,0.13859111450536826,0.05360022697193988,0.010517032650222677,-0.09530531255893392,0.015647790662223666,-0.0213320462181699,-0.0008689182809311584,0.09542439141538718,0.006523639376169843,0.10041920317611884,0.268446989143867,0.016606041060440616,0.2880363971612399,0.4131344187093677,0.587469438277949,0.49161675736033783,0.47802552584107105,0.624266567913159,0.22116880796133864,0.4054146143898605,0.40122509770159326,0.497387606763391,1.0,0.10797641785501681,0.040611886276171155,0.08810861443572968
GPA_SEMIII,0.6945848666410822,0.7744401057380081,0.6627583477543669,0.7668752310894041,0.7346711873805695,0.5307542048790272,0.4111211865607468,0.2803667474067538,0.16879072232465422,0.5991045491740592,0.6937641441596466,0.5836557482956998,0.5433673347220933,0.4872983491581472,0.34858387472545926,0.33438501570942464,0.4036199276843854,0.16461658996784595,0.39704058288338434,-0.048207509394512266,0.07516715427324044,0.07893784781741753,0.03688142580120188,0.1014123649449957,0.10568123711211533,0.03351089928246145,-0.09828832787028366,0.17128858197326274,0.03791500200371691,0.10797641785501681,1.0,0.5716675296522022,0.9071805869613726
GPA_SEMIV,0.598223670142682,0.5340643559518671,0.55455199030968,0.6052144765992051,0.5365033871756566,0.3259230179630086,0.32224160802541385,0.2809933987683704,0.058499114255558995,0.7041783343699076,0.6549357111971859,0.7979285103749885,0.7728832229022266,0.6262830409674932,0.3277943947346486,0.2731295167028291,0.3650027507865969,0.12208879193347272,0.30240171653186465,-0.0921458240223469,-0.10783027980237848,-0.04137849957679526,-0.1746173158229017,-0.1086732742246643,-0.06727787691475617,-0.06394178816402209,-0.2039343851958244,-0.03594957441842547,0.016347887423955185,0.040611886276171155,0.5716675296522022,1.0,0.8638179021404873
avg_GPA,0.7332638405780801,0.7493968737940297,0.6913266888311583,0.7812372843069455,0.7262282156629298,0.4930319568136366,0.4176856596904624,0.31624635803666346,0.13364098360020812,0.7289689922144222,0.7618415885371534,0.7675576347589572,0.72997614620978,0.6203720415561395,0.38213320322757044,0.34538273025844746,0.43500738306081105,0.16368645436209164,0.39886590686938456,-0.08010343136886908,-0.013627211359020088,0.025269445961253616,-0.07372255091748019,0.0018875292458528964,0.027286712099734534,-0.014815771385632797,-0.17216640905302108,0.08448617406529964,0.03208829152284155,0.08810861443572968,0.9071805869613726,0.8638179021404873,1.0
