,AM_3,DLDA,DSGT,ECCF,DS,DLDA_Lab,BE_Lab,DS_Lab,OOPM_Lab,AM_4,AOA,COA,CG,OS,AOA_Lab,CG_Lab,PA_Lab,OS_Lab,OST_LAB,OOPM,AM_3.1,DS.1,DLDA.1,DIS,ECCF.1,DLDA_Lab.1,DS_Lab.1,OOPM_Lab.1,ECCF_Lab,AM_3_Tutorial,GPA_SEMIII,GPA_SEMIV
AM_3,1.0,0.6898614907970764,0.68992623311546,0.6556069277271729,0.6614228386210602,0.38232475559673934,0.3596765156975365,0.2591254243843766,0.018388332435252515,0.783799038956605,0.6790994785447809,0.554957390573704,0.620346402613369,0.3604654183931714,0.21568867297765923,0.24569078316729978,0.2878177404328086,0.03763790016231957,0.26590267944336343,0.14138940241533743,0.008670341836901104,0.050962635060141044,0.06465696840888192,0.03453299689687541,0.060588210073773505,0.006667101828954967,0.055659413359479395,0.08368818308954272,0.18007758038007976,0.20179495774296546,0.6945848666410822,0.598223670142682
DLDA,0.6898614907970764,1.0,0.7188925677802284,0.728101589510083,0.730977033460689,0.5611006624580807,0.5114139554861343,0.3840219034073451,0.25602860985200304,0.6009898170870756,0.6817609994724808,0.5749208013799846,0.5664467114982079,0.3983323813347478,0.3854448006091822,0.5054803469026021,0.4693454947528676,0.21415696658788952,0.3856758626699991,0.20854578502811824,0.17169834134708709,0.14596278387597914,0.18650621086076574,0.20360610119046096,0.16483247082305771,0.05001831232775633,0.16954781303424438,0.16823854780631806,0.1424021298807899,0.2382614290003643,0.7744401057380081,0.5340643559518671
DSGT,0.68992623311546,0.7188925677802284,1.0,0.6716021030008997,0.6802047466181136,0.4401011328920074,0.4297166190086363,0.30102990947992,0.11226989435593086,0.650460701770506,0.6704049832799521,0.5372739689290268,0.5625713469544951,0.39945880404151446,0.3864515481872959,0.3641771451861397,0.39440807218478463,0.20612075206587116,0.37157264668752055,0.09630381469613078,0.09850649418366246,0.1374753183232916,0.12453877947882606,0.08004837889225935,0.14632447940061497,0.04133832305263971,0.05256115978283528,0.030897760564311084,0.16018414890599134,0.18893902972552815,0.6627583477543669,0.55455199030968
ECCF,0.6556069277271729,0.728101589510083,0.6716021030008997,1.0,0.7224184787709369,0.3957187568070926,0.5438862225978779,0.3452707591989399,0.1688917577618067,0.5781610882836534,0.7026460863063038,0.670292969070021,0.6699298155306218,0.5501255090056453,0.30232131389014993,0.3676663177224107,0.4564580603376373,0.1639856674568483,0.31216633945422473,0.2021412579403892,0.11856385903639653,0.1059158191190848,0.159760148252802,0.16393102174991966,0.1464328905317746,0.12434128889267168,0.009549944979189085,0.09543113609461724,0.15434079020031535,0.1677615535168885,0.7668752310894041,0.6052144765992051
DS,0.6614228386210602,0.730977033460689,0.6802047466181136,0.7224184787709369,1.0,0.4939568141464687,0.4901651284859972,0.4514434949761775,0.19581067937228838,0.6026539823616579,0.6333732745007155,0.5746086711038629,0.5333814320354284,0.41518933742980746,0.3589373005672591,0.4204251803220344,0.417675002448845,0.1886517176528618,0.43804938803504495,0.12908874494983094,0.10521588745424151,0.11340953710649268,0.11206472111707093,0.11752915778968434,0.11717251523411412,0.024292309279350957,0.011142943341102274,0.07244545606426343,0.1032573505151622,0.17265909611961622,0.7346711873805695,0.5365033871756566
DLDA_Lab,0.38232475559673934,0.5611006624580807,0.4401011328920074,0.3957187568070926,0.4939568141464687,1.0,0.5417322505752079,0.43436673502194817,0.3610777809789731,0.38142671506335707,0.40736520261775694,0.3042722384771591,0.3211855941338678,0.1970369707618375,0.317957622135788,0.3991449840206084,0.4501363476407441,0.31119845774703686,0.49933242952597506,0.06457199505039846,0.17644674451966177,0.17398064974871758,0.17393071896977114,0.1693957748576033,0.13182540597025993,0.04147276421246543,0.12011937818156443,0.1440983870548848,0.152974926132765,0.20905365138951698,0.5307542048790272,0.3259230179630086
BE_Lab,0.3596765156975365,0.5114139554861343,0.4297166190086363,0.5438862225978779,0.4901651284859972,0.5417322505752079,1.0,0.5925826553172813,0.24533029536134598,0.3394635695529674,0.49411436572605294,0.39382049867057506,0.3989723556063334,0.1953821883225968,0.3945817604792354,0.46576954489551475,0.604248043849535,0.31255322376126,0.39857338072633464,0.1723520924263779,0.03545416748303353,0.12604854038631116,0.10226663212394942,0.07541388971667572,0.1098889709618086,0.027050751697541633,0.02562179195554354,0.04246012552215086,0.17187882075781796,0.19615850957491554,0.4111211865607468,0.32224160802541385
DS_Lab,0.2591254243843766,0.3840219034073451,0.30102990947992,0.3452707591989399,0.4514434949761775,0.43436673502194817,0.5925826553172813,1.0,0.5842573639854031,0.20770625596956516,0.30612657183449477,0.32476364196427493,0.3519266097683429,0.21853636352284178,0.5896981054005193,0.5294985467690937,0.615096700953099,0.467908475861235,0.5417493919352405,0.040276228010495824,-0.012190341172363997,0.07369316281300589,0.09531269531670802,0.029837994726673152,0.057002730678721435,-0.022920775653950336,0.06099617717527177,0.0019128679476222066,0.2839311919065784,0.21788425682588206,0.2803667474067538,0.2809933987683704
OOPM_Lab,0.018388332435252515,0.25602860985200304,0.11226989435593086,0.1688917577618067,0.19581067937228838,0.3610777809789731,0.24533029536134598,0.5842573639854031,1.0,-0.09229695417465927,0.0008893680003353503,0.15703652189233824,0.08453346375604144,0.20023541623202415,0.5765884344522958,0.44463264344500275,0.3684221277673393,0.4804729097972216,0.4145190355695317,0.09396346835130695,0.2046310244623502,0.1750147671395031,0.17628996183100057,0.20173512790364734,0.20011814918644674,0.0627292045613725,0.08510391127021409,0.08895507194572928,0.13250677885208784,0.20778081337443915,0.16879072232465422,0.058499114255558995
AM_4,0.783799038956605,0.6009898170870756,0.650460701770506,0.5781610882836534,0.6026539823616579,0.38142671506335707,0.3394635695529674,0.20770625596956516,-0.09229695417465927,1.0,0.7075351235976112,0.5519314461222385,0.6039068883977541,0.29832619161461943,0.1972608233164432,0.20609652950563928,0.26306019986089024,-0.12469218723784083,0.32742953378750994,0.21174609714027728,0.025698510852359,0.10982125662928101,0.10146970808236902,0.046785669715036365,0.16993299355251537,0.0667876115115494,0.10233101277508061,0.04885936645368284,0.13906313006297732,0.1942399088200474,0.5991045491740592,0.7041783343699076
AOA,0.6790994785447809,0.6817609994724808,0.6704049832799521,0.7026460863063038,0.6333732745007155,0.40736520261775694,0.49411436572605294,0.30612657183449477,0.0008893680003353503,0.7075351235976112,1.0,0.6525507684570238,0.7123973408083566,0.4598692330458418,0.2920584027666182,0.35558203137776456,0.462356807831556,0.05576801108247028,0.36518904958858367,0.025016704347930546,-0.021100911620434672,-0.001519952871184218,0.0050597156586707735,-0.00815595951613823,0.03245526187464471,-0.03649017420417019,0.04827586805151577,0.023505869921932765,0.059024415223972684,0.08732601519619157,0.6937641441596466,0.6549357111971859
COA,0.554957390573704,0.5749208013799846,0.5372739689290268,0.670292969070021,0.5746086711038629,0.3042722384771591,0.39382049867057506,0.32476364196427493,0.15703652189233824,0.5519314461222385,0.6525507684570238,1.0,0.7548676354648737,0.6786656558417462,0.29408908433512937,0.3002457566896758,0.40593431163723864,0.24963102506895266,0.3059405552458299,0.05459509094843735,0.09231425259169548,0.1290665697934656,0.08625292208584144,0.12508971953716813,0.09508290991108492,0.019573383755893504,0.09164338488891066,0.01932090139837652,0.21723393250333425,0.2306171070199307,0.5836557482956998,0.7979285103749885
CG,0.620346402613369,0.5664467114982079,0.5625713469544951,0.6699298155306218,0.5333814320354284,0.3211855941338678,0.3989723556063334,0.3519266097683429,0.08453346375604144,0.6039068883977541,0.7123973408083566,0.7548676354648737,1.0,0.6378150353423166,0.32658392298611194,0.27673567205756916,0.45452071780046455,0.16167251419841855,0.264407262124327,0.1638185304803329,0.06260069372040919,0.04401970264660949,0.0963923967995413,0.05833721770583412,0.057852688080818795,0.06759394846963498,0.09787512568726923,0.03582891661704763,0.14629953783313754,0.13471746724330189,0.5433673347220933,0.7728832229022266
OS,0.3604654183931714,0.3983323813347478,0.39945880404151446,0.5501255090056453,0.41518933742980746,0.1970369707618375,0.1953821883225968,0.21853636352284178,0.20023541623202415,0.29832619161461943,0.4598692330458418,0.6786656558417462,0.6378150353423166,1.0,0.36199633509117124,0.1230109257384744,0.24490700596510812,0.2696972617403699,0.06445838937191359,-0.010008331743878149,0.13492963032970423,0.09099347593553976,0.10911926286849997,0.1388942878703912,0.0715617709521115,0.0741482716864083,-0.033945769462335025,-0.004866231362495105,0.09265008597362466,0.05106897370983864,0.4872983491581472,0.6262830409674932
AOA_Lab,0.21568867297765923,0.3854448006091822,0.3864515481872959,0.30232131389014993,0.3589373005672591,0.317957622135788,0.3945817604792354,0.5896981054005193,0.5765884344522958,0.1972608233164432,0.2920584027666182,0.29408908433512937,0.32658392298611194,0.36199633509117124,1.0,0.3674310214622056,0.4821451482960328,0.4620315463558997,0.3754776204114367,0.1492002257087194,0.2063665975144505,0.19467311389545222,0.2233189883475623,0.1909157170686183,0.16551249647238198,0.03631196240391503,0.0857801000080926,0.027559317035462622,0.18675323221837495,0.2315630840308724,0.34858387472545926,0.3277943947346486
CG_Lab,0.24569078316729978,0.5054803469026021,0.3641771451861397,0.3676663177224107,0.4204251803220344,0.3991449840206084,0.46576954489551475,0.5294985467690937,0.44463264344500275,0.20609652950563928,0.35558203137776456,0.3002457566896758,0.27673567205756916,0.1230109257384744,0.3674310214622056,1.0,0.5029769774773292,0.3970705040335741,0.4992012564319405,-0.046209968355280365,-0.05730077576937491,-0.015543825630402417,-0.01685098642924185,-0.06694087557298604,-0.029837395231170193,-0.16548641995654348,-0.08064352213101489,-0.09746302932578531,0.12091455267841078,0.10138168681411894,0.33438501570942464,0.2731295167028291
PA_Lab,0.2878177404328086,0.4693454947528676,0.39440807218478463,0.4564580603376373,0.417675002448845,0.4501363476407441,0.604248043849535,0.615096700953099,0.3684221277673393,0.26306019986089024,0.462356807831556,0.40593431163723864,0.45452071780046455,0.24490700596510812,0.4821451482960328,0.5029769774773292,1.0,0.45667779202686665,0.5086653341141986,0.13020958034782626,0.154099457142961,0.15391005187304113,0.14437857966177334,0.19602674621224336,0.14025899407321432,0.06560598307292102,0.05742760145948111,0.01505106231110964,0.2632870213993311,0.1671538713549269,0.4036199276843854,0.3650027507865969
OS_Lab,0.03763790016231957,0.21415696658788952,0.20612075206587116,0.1639856674568483,0.1886517176528618,0.31119845774703686,0.31255322376126,0.467908475861235,0.4804729097972216,-0.12469218723784083,0.05576801108247028,0.24963102506895266,0.16167251419841855,0.2696972617403699,0.4620315463558997,0.3970705040335741,0.45667779202686665,1.0,0.2429030878447851,-0.05921330374184002,0.179793602609314,0.23915642067522852,0.12202363596356215,0.1671899947919128,0.18143987562918917,-0.06811655927672543,0.011327500850338734,0.13379760008556185,0.31443769431081425,0.2993094902313057,0.16461658996784595,0.12208879193347272
OST_LAB,0.26590267944336343,0.3856758626699991,0.37157264668752055,0.31216633945422473,0.43804938803504495,0.49933242952597506,0.39857338072633464,0.5417493919352405,0.4145190355695317,0.32742953378750994,0.36518904958858367,0.3059405552458299,0.264407262124327,0.06445838937191359,0.3754776204114367,0.4992012564319405,0.5086653341141986,0.2429030878447851,1.0,0.12197488827456239,0.1112318601733117,0.14114112280111354,0.13257753959365284,0.10118147794120232,0.18802878144056662,0.04242830123415914,0.09418165711888515,0.07621297716278774,0.22529741239850448,0.22051732881911632,0.39704058288338434,0.30240171653186465
OOPM,0.14138940241533743,0.20854578502811824,0.09630381469613078,0.2021412579403892,0.12908874494983094,0.06457199505039846,0.1723520924263779,0.040276228010495824,0.09396346835130695,0.21174609714027728,0.025016704347930546,0.05459509094843735,0.1638185304803329,-0.010008331743878149,0.1492002257087194,-0.046209968355280365,0.13020958034782626,-0.05921330374184002,0.12197488827456239,1.0,0.6947952912888506,0.6733685241802375,0.6686158940148089,0.7238021066339916,0.720482297923374,0.542070829383999,0.585913532627731,0.6359025888909284,0.46499609988840285,0.41722638004038265,0.09691954784578358,0.09362401536964483
AM_3.1,0.008670341836901104,0.17169834134708709,0.09850649418366246,0.11856385903639653,0.10521588745424151,0.17644674451966177,0.03545416748303353,-0.012190341172363997,0.2046310244623502,0.025698510852359,-0.021100911620434672,0.09231425259169548,0.06260069372040919,0.13492963032970423,0.2063665975144505,-0.05730077576937491,0.154099457142961,0.179793602609314,0.1112318601733117,0.6947952912888506,1.0,0.8086887396774922,0.7871546502482752,0.8525743985151473,0.8053684143805948,0.55044399627169,0.6279295437651965,0.5454480730144887,0.4952743676136799,0.49472111434675287,0.11826670874569088,0.07378130398620746
DS.1,0.050962635060141044,0.14596278387597914,0.1374753183232916,0.1059158191190848,0.11340953710649268,0.17398064974871758,0.12604854038631116,0.07369316281300589,0.1750147671395031,0.10982125662928101,-0.001519952871184218,0.1290665697934656,0.04401970264660949,0.09099347593553976,0.19467311389545222,-0.015543825630402417,0.15391005187304113,0.23915642067522852,0.14114112280111354,0.6733685241802375,0.8086887396774922,1.0,0.7993341431092756,0.8644053569136195,0.9012994076716421,0.5916158098936651,0.6819741030987517,0.651560396787219,0.6577212577452455,0.6513467785374034,0.08012047769571881,0.07205509814535117
DLDA.1,0.06465696840888192,0.18650621086076574,0.12453877947882606,0.159760148252802,0.11206472111707093,0.17393071896977114,0.10226663212394942,0.09531269531670802,0.17628996183100057,0.10146970808236902,0.0050597156586707735,0.08625292208584144,0.0963923967995413,0.10911926286849997,0.2233189883475623,-0.01685098642924185,0.14437857966177334,0.12202363596356215,0.13257753959365284,0.6686158940148089,0.7871546502482752,0.7993341431092756,1.0,0.783202238724376,0.7840376337977674,0.6449615149028264,0.5799399457768701,0.595113863504686,0.5229226519020862,0.5563941897797985,0.09968419908464236,0.06865358940384926
DIS,0.03453299689687541,0.20360610119046096,0.08004837889225935,0.16393102174991966,0.11752915778968434,0.1693957748576033,0.07541388971667572,0.029837994726673152,0.20173512790364734,0.046785669715036365,-0.00815595951613823,0.12508971953716813,0.05833721770583412,0.1388942878703912,0.1909157170686183,-0.06694087557298604,0.19602674621224336,0.1671899947919128,0.10118147794120232,0.7238021066339916,0.8525743985151473,0.8644053569136195,0.783202238724376,1.0,0.8591547977718086,0.6485036965510592,0.6774913433887272,0.6308409030733181,0.6121405353694813,0.5513648562778812,0.12432149796854147,0.07502862024046728
ECCF.1,0.060588210073773505,0.16483247082305771,0.14632447940061497,0.1464328905317746,0.11717251523411412,0.13182540597025993,0.1098889709618086,0.057002730678721435,0.20011814918644674,0.16993299355251537,0.03245526187464471,0.09508290991108492,0.057852688080818795,0.0715617709521115,0.16551249647238198,-0.029837395231170193,0.14025899407321432,0.18143987562918917,0.18802878144056662,0.720482297923374,0.8053684143805948,0.9012994076716421,0.7840376337977674,0.8591547977718086,1.0,0.6297289690030679,0.6831554279086779,0.671798840080271,0.6283267676809831,0.6738771353663382,0.10477811917891734,0.09577281921838728
DLDA_Lab.1,0.006667101828954967,0.05001831232775633,0.04133832305263971,0.12434128889267168,0.024292309279350957,0.04147276421246543,0.027050751697541633,-0.022920775653950336,0.0627292045613725,0.0667876115115494,-0.03649017420417019,0.019573383755893504,0.06759394846963498,0.0741482716864083,0.03631196240391503,-0.16548641995654348,0.06560598307292102,-0.06811655927672543,0.04242830123415914,0.542070829383999,0.55044399627169,0.5916158098936651,0.6449615149028264,0.6485036965510592,0.6297289690030679,1.0,0.5153672221582752,0.6067391934332889,0.4382579262778294,0.37299371214064597,0.052098179717882456,0.04574973804327806
DS_Lab.1,0.055659413359479395,0.16954781303424438,0.05256115978283528,0.009549944979189085,0.011142943341102274,0.12011937818156443,0.02562179195554354,0.06099617717527177,0.08510391127021409,0.10233101277508061,0.04827586805151577,0.09164338488891066,0.09787512568726923,-0.033945769462335025,0.0857801000080926,-0.08064352213101489,0.05742760145948111,0.011327500850338734,0.09418165711888515,0.585913532627731,0.6279295437651965,0.6819741030987517,0.5799399457768701,0.6774913433887272,0.6831554279086779,0.5153672221582752,1.0,0.6728719804588014,0.5113693885213325,0.5241313628688983,0.06842267822378026,0.1106200243637637
OOPM_Lab.1,0.08368818308954272,0.16823854780631806,0.030897760564311084,0.09543113609461724,0.07244545606426343,0.1440983870548848,0.04246012552215086,0.0019128679476222066,0.08895507194572928,0.04885936645368284,0.023505869921932765,0.01932090139837652,0.03582891661704763,-0.004866231362495105,0.027559317035462622,-0.09746302932578531,0.01505106231110964,0.13379760008556185,0.07621297716278774,0.6359025888909284,0.5454480730144887,0.651560396787219,0.595113863504686,0.6308409030733181,0.671798840080271,0.6067391934332889,0.6728719804588014,1.0,0.4485794273482622,0.5104938599552578,0.0991610768233956,-0.013377739518563213
ECCF_Lab,0.18007758038007976,0.1424021298807899,0.16018414890599134,0.15434079020031535,0.1032573505151622,0.152974926132765,0.17187882075781796,0.2839311919065784,0.13250677885208784,0.13906313006297732,0.059024415223972684,0.21723393250333425,0.14629953783313754,0.09265008597362466,0.18675323221837495,0.12091455267841078,0.2632870213993311,0.31443769431081425,0.22529741239850448,0.46499609988840285,0.4952743676136799,0.6577212577452455,0.5229226519020862,0.6121405353694813,0.6283267676809831,0.4382579262778294,0.5113693885213325,0.4485794273482622,1.0,0.5767294110273732,0.0911589235772617,0.1310951537775328
AM_3_Tutorial,0.20179495774296546,0.2382614290003643,0.18893902972552815,0.1677615535168885,0.17265909611961622,0.20905365138951698,0.19615850957491554,0.21788425682588206,0.20778081337443915,0.1942399088200474,0.08732601519619157,0.2306171070199307,0.13471746724330189,0.05106897370983864,0.2315630840308724,0.10138168681411894,0.1671538713549269,0.2993094902313057,0.22051732881911632,0.41722638004038265,0.49472111434675287,0.6513467785374034,0.5563941897797985,0.5513648562778812,0.6738771353663382,0.37299371214064597,0.5241313628688983,0.5104938599552578,0.5767294110273732,1.0,0.14511210937766963,0.17605673507533953
GPA_SEMIII,0.6945848666410822,0.7744401057380081,0.6627583477543669,0.7668752310894041,0.7346711873805695,0.5307542048790272,0.4111211865607468,0.2803667474067538,0.16879072232465422,0.5991045491740592,0.6937641441596466,0.5836557482956998,0.5433673347220933,0.4872983491581472,0.34858387472545926,0.33438501570942464,0.4036199276843854,0.16461658996784595,0.39704058288338434,0.09691954784578358,0.11826670874569088,0.08012047769571881,0.09968419908464236,0.12432149796854147,0.10477811917891734,0.052098179717882456,0.06842267822378026,0.0991610768233956,0.0911589235772617,0.14511210937766963,1.0,0.5716675296522022
GPA_SEMIV,0.598223670142682,0.5340643559518671,0.55455199030968,0.6052144765992051,0.5365033871756566,0.3259230179630086,0.32224160802541385,0.2809933987683704,0.058499114255558995,0.7041783343699076,0.6549357111971859,0.7979285103749885,0.7728832229022266,0.6262830409674932,0.3277943947346486,0.2731295167028291,0.3650027507865969,0.12208879193347272,0.30240171653186465,0.09362401536964483,0.07378130398620746,0.07205509814535117,0.06865358940384926,0.07502862024046728,0.09577281921838728,0.04574973804327806,0.1106200243637637,-0.013377739518563213,0.1310951537775328,0.17605673507533953,0.5716675296522022,1.0
